n= 10:
Thoi gian bat dau: Mon Nov 23 17:37:31 2015

[Lan]   [Gan dung]   [Chinh xac]   [Sai so]   [%Sai so]   [(Chinh xac-1)/3]
  1         7            7            0          0%             2
  2         4            4            0          0%             1
  3         6            6            0          0%             2
  4         6            6            0          0%             2
  5         7            7            0          0%             2
  6         7            7            0          0%             2
  7         5            5            0          0%             1
  8         7            7            0          0%             2
  9         6            6            0          0%             2
  10         7            7            0          0%             2
  11         6            6            0          0%             2
  12         6            6            0          0%             2
  13         6            6            0          0%             2
  14         7            7            0          0%             2
  15         6            6            0          0%             2
  16         6            6            0          0%             2
  17         6            6            0          0%             2
  18         7            7            0          0%             2
  19         4            4            0          0%             1
  20         5            5            0          0%             1
  21         8            8            0          0%             2
  22         5            5            0          0%             1
  23         6            6            0          0%             2
  24         8            8            0          0%             2
  25         6            6            0          0%             2
  26         8            8            0          0%             2
  27         7            7            0          0%             2
  28         6            6            0          0%             2
  29         5            5            0          0%             1
  30         7            7            0          0%             2
  31         6            6            0          0%             2
  32         6            6            0          0%             2
  33         7            7            0          0%             2
  34         7            7            0          0%             2
  35         6            6            0          0%             2
  36         6            6            0          0%             2
  37         7            7            0          0%             2
  38         6            6            0          0%             2
  39         5            5            0          0%             1
  40         7            7            0          0%             2
Thoi gian ket thuc: Mon Nov 23 17:37:31 2015
