n= 14:
Thoi gian bat dau: Sun Nov 22 16:58:36 2015

[Lan]   [Gan dung]   [Chinh xac]   [Sai so]   [%Sai so]   [(Chinh xac-1)/3]
  1         10            10            0          0%             3
  2         8            8            0          0%             2
  3         10            10            0          0%             3
  4         6            6            0          0%             1
  5         9            9            0          0%             2
  6         10            10            0          0%             3
  7         9            9            0          0%             2
  8         8            8            0          0%             2
  9         7            7            0          0%             2
  10         8            8            0          0%             2
  11         10            10            0          0%             3
  12         12            12            0          0%             3
  13         7            7            0          0%             2
  14         10            10            0          0%             3
  15         8            8            0          0%             2
  16         9            9            0          0%             2
  17         8            8            0          0%             2
  18         10            10            0          0%             3
  19         8            8            0          0%             2
  20         10            9            1          11%             2
  21         8            8            0          0%             2
  22         8            8            0          0%             2
  23         6            6            0          0%             1
  24         10            10            0          0%             3
  25         7            7            0          0%             2
  26         9            9            0          0%             2
  27         6            6            0          0%             1
  28         9            9            0          0%             2
  29         10            10            0          0%             3
  30         8            8            0          0%             2
  31         9            9            0          0%             2
  32         9            9            0          0%             2
  33         9            9            0          0%             2
  34         8            8            0          0%             2
  35         6            6            0          0%             1
  36         10            10            0          0%             3
  37         8            8            0          0%             2
  38         8            8            0          0%             2
  39         8            8            0          0%             2
  40         11            11            0          0%             3
Thoi gian ket thuc: Sun Nov 22 18:09:07 2015
